1 1
2 2
3 1
4 0
5 -1
6 -2
7 -3
8 -2
9 -3
10 -2
11 -3
12 -4
13 -3
14 -2
15 -3
16 -4
17 -5
18 -4
19 -5
20 -6
21 -5
22 -6
23 -5
24 -6
25 -5
26 -6
27 -7
28 -6
29 -7
30 -6
31 -7
32 -8
33 -7
34 -6
35 -5
36 -4
37 -5
38 -4
39 -3
40 -2
41 -1
42 -2
43 -3
44 -4
45 -3
46 -2
47 -3
48 -4
49 -5
50 -4
51 -5
52 -6
53 -7
54 -6
55 -5
56 -6
57 -7
58 -8
59 -9
60 -8
61 -7
62 -8
63 -9
64 -8
65 -7
66 -8
67 -9
68 -8
69 -9
70 -8
71 -7
72 -6
73 -5
74 -6
75 -7
76 -8
77 -9
78 -10
79 -9
80 -8
81 -7
82 -8
83 -9
84 -10
85 -9
86 -10
87 -11
88 -12
89 -13
90 -14
91 -15
92 -14
93 -15
94 -16
95 -15
96 -14
97 -13
98 -12
99 -11
100 -10
101 -9
102 -10
103 -9
104 -10
105 -9
106 -10
107 -9
108 -10
109 -9
110 -8
111 -7
112 -6
113 -5
114 -4
115 -3
116 -4
117 -3
118 -4
119 -5
120 -6
121 -5
122 -6
123 -5
124 -6
125 -5
126 -6
127 -7
128 -6
129 -7
130 -8
131 -9
132 -10
133 -11
134 -12
135 -11
136 -12
137 -13
138 -14
139 -13
140 -12
141 -11
142 -12
143 -13
144 -12
145 -13
146 -12
147 -13
148 -14
149 -15
150 -14
151 -13
152 -14
153 -13
154 -12
155 -13
156 -12
157 -13
158 -12
159 -13
160 -12
161 -11
162 -10
163 -11
164 -12
165 -13
166 -14
167 -15
168 -14
169 -15
170 -16
171 -17
172 -18
173 -19
174 -18
175 -19
176 -18
177 -19
178 -20
179 -21
180 -20
181 -21
182 -22
183 -21
184 -22
185 -23
186 -24
187 -23
188 -24
189 -25
190 -26
191 -27
192 -28
193 -29
194 -28
195 -29
196 -30
197 -29
198 -28
199 -29
200 -28
201 -29
202 -30
203 -31
204 -32
205 -33
206 -32
207 -31
208 -32
209 -31
210 -32
211 -31
212 -32
213 -31
214 -32
215 -31
216 -32
217 -31
218 -30
219 -31
220 -30
221 -31
222 -32
223 -33
224 -32
225 -31
226 -32
227 -33
228 -32
229 -31
230 -30
231 -31
232 -32
233 -31
234 -32
235 -31
236 -32
237 -33
238 -32
239 -33
240 -34
241 -33
242 -34
243 -35
244 -36
245 -35
246 -34
247 -33
248 -32
249 -31
250 -32
251 -31
252 -32
253 -31
254 -30
255 -31
256 -30
257 -31
258 -32
259 -31
260 -30
261 -29
262 -30
263 -29
264 -30
265 -29
266 -28
267 -29
268 -30
269 -29
270 -30
271 -29
272 -30
273 -29
274 -28
275 -27
276 -28
277 -27
278 -26
279 -25
280 -26
281 -25
282 -26
283 -27
284 -26
285 -27
286 -28
287 -27
288 -28
289 -27
290 -28
291 -29
292 -28
293 -27
294 -26
295 -25
296 -26
297 -25
298 -26
299 -25
300 -26
301 -25
302 -24
303 -25
304 -24
305 -23
306 -22
307 -23
308 -22
309 -23
310 -24
311 -25
312 -24
313 -25
314 -24
315 -23
316 -22
317 -23
318 -24
319 -25
320 -26
321 -25
322 -26
323 -25
324 -26
325 -25
326 -24
327 -23
328 -24
329 -25
330 -24
331 -25
332 -26
333 -27
334 -26
335 -27
336 -28
337 -27
338 -26
339 -27
340 -28
341 -29
342 -28
343 -27
344 -26
345 -25
346 -24
347 -23
348 -24
349 -23
350 -24
351 -25
352 -24
353 -23
354 -22
355 -21
356 -22
357 -21
358 -22
359 -21
360 -22
361 -21
362 -22
363 -23
364 -22
365 -23
366 -24
367 -25
368 -24
369 -23
370 -24
371 -25
372 -26
373 -27
374 -26
375 -25
376 -26
377 -27
378 -26
379 -25
380 -24
381 -25
382 -26
383 -25
384 -26
385 -25
386 -26
387 -25
388 -26
389 -27
390 -26
391 -27
392 -26
393 -25
394 -26
395 -27
396 -28
397 -27
398 -26
399 -25
400 -26
401 -25
402 -24
403 -25
404 -26
405 -25
406 -24
407 -25
408 -24
409 -25
410 -26
411 -25
412 -26
413 -27
414 -28
415 -27
416 -26
417 -25
418 -24
419 -25
420 -26
421 -27
422 -28
423 -27
424 -28
425 -29
426 -30
427 -31
428 -32
429 -33
430 -34
431 -33
432 -34
433 -33
434 -32
435 -33
436 -34
437 -33
438 -32
439 -31
440 -32
441 -33
442 -34
443 -33
444 -32
445 -33
446 -32
447 -33
448 -32
449 -33
450 -34
451 -35
452 -34
453 -35
454 -34
455 -33
456 -32
457 -31
458 -32
459 -33
460 -32
461 -33
462 -34
463 -33
464 -32
465 -31
466 -32
467 -33
468 -34
469 -35
470 -36
471 -35
472 -34
473 -35
474 -34
475 -33
476 -34
477 -33
478 -32
479 -33
480 -32
481 -33
482 -32
483 -33
484 -34
485 -33
486 -32
487 -33
488 -32
489 -33
490 -32
491 -31
492 -30
493 -31
494 -32
495 -33
496 -32
497 -33
498 -34
499 -35
500 -34
