1 -1
2 -2
3 -3
4 -4
5 -5
6 -6
7 -7
8 -8
9 -9
10 -10
11 -11
12 -12
13 -13
14 -14
15 -15
16 -16
17 -17
18 -18
19 -19
20 -20
21 -21
22 -22
23 -23
24 -24
25 -25
26 -26
27 -27
28 -28
29 -29
30 -30
31 -31
32 -32
33 -33
34 -34
35 -35
36 -36
37 -37
38 -38
39 -39
40 -40
41 -41
42 -42
43 -43
44 -44
45 -45
46 -46
47 -47
48 -48
49 -49
50 -50
51 -51
52 -52
53 -53
54 -54
55 -55
56 -56
57 -57
58 -58
59 -59
60 -60
61 -61
62 -62
63 -63
64 -64
65 -65
66 -66
67 -30
68 -31
69 -32
70 -33
71 -34
72 -35
73 -36
74 -37
75 -38
76 -39
77 -40
78 -41
79 -42
80 -43
81 -44
82 -45
83 -46
84 -47
85 -48
86 -49
87 -50
88 -51
89 -52
90 -53
91 -54
92 -55
93 -56
94 -57
95 -58
96 -59
97 -60
98 -61
99 -62
100 -63
101 -64
102 -65
103 -66
104 -67
105 -68
106 -69
107 -70
108 -71
109 -72
110 -73
111 -74
112 -38
113 -39
114 -40
115 -41
116 -42
117 -43
118 -44
119 -45
120 -46
121 -47
122 -48
123 -49
124 -50
125 -51
126 -52
127 -53
128 -54
129 -55
130 -56
131 -57
132 -58
133 -59
134 -60
135 -61
136 -62
137 -63
138 -64
139 -65
140 -66
141 -67
142 -68
143 -69
144 -70
145 -71
146 -72
147 -73
148 -74
149 -75
150 -76
151 -77
152 -78
153 -79
154 -80
155 -81
156 -82
157 -83
158 -84
159 -85
160 -86
161 -87
162 -88
163 -89
164 -90
165 -91
166 -92
167 -93
168 -94
169 -95
170 -96
171 -97
172 -98
173 -99
174 -100
175 -101
176 -102
177 -103
178 -104
179 -105
180 -106
181 -107
182 -108
183 -109
184 -110
185 -111
186 -112
187 -113
188 -77
189 -78
190 -79
191 -80
192 -81
193 -82
194 -83
195 -84
196 -85
197 -86
198 -87
199 -88
200 -89
201 -90
202 -91
203 -92
204 -93
205 -94
206 -95
207 -96
208 -97
209 -98
210 -99
211 -100
212 -101
213 -102
214 -103
215 -104
216 -105
217 -106
218 -107
219 -108
220 -109
221 -73
222 -74
223 -75
224 -76
225 -77
226 -78
227 -79
228 -80
229 -81
230 -82
231 -83
232 -84
233 -85
234 -86
235 -87
236 -88
237 -89
238 -90
239 -91
240 -92
241 -93
242 -94
243 -95
244 -96
245 -97
246 -98
247 -99
248 -100
249 -101
250 -102
251 -103
252 -104
253 -105
254 -106
255 -107
256 -108
257 -109
258 -110
259 -111
260 -112
261 -113
262 -114
263 -115
264 -116
265 -117
266 -118
267 -119
268 -120
269 -121
270 -85
271 -86
272 -87
273 -88
274 -89
275 -90
276 -91
277 -92
278 -93
279 -94
280 -95
281 -96
282 -97
283 -98
284 -99
285 -100
286 -101
287 -102
288 -103
289 -104
290 -105
291 -106
292 -107
293 -108
294 -109
295 -110
296 -111
297 -112
298 -113
299 -114
300 -115
301 -116
302 -117
303 -118
304 -119
305 -120
306 -121
307 -122
308 -123
309 -87
310 -88
311 -89
312 -90
313 -91
314 -92
315 -93
316 -94
317 -95
318 -96
319 -60
320 -61
321 -62
322 -63
323 -64
324 -65
325 -66
326 -67
327 -68
328 -69
329 -70
330 -71
331 -72
332 -73
333 -74
334 -75
335 -76
336 -77
337 -78
338 -79
339 -80
340 -81
341 -82
342 -46
343 -47
344 -48
345 -12
346 -13
347 -14
348 -15
349 -16
350 -17
351 -18
352 -19
353 -20
354 -21
355 -22
356 -23
357 -24
358 -25
359 -26
360 -27
361 -28
362 -29
363 -30
364 -31
365 -32
366 -33
367 -34
368 -35
369 -36
370 -37
371 -38
372 -39
373 -40
374 -41
375 -42
376 -43
377 -44
378 -45
379 -46
380 -47
381 -48
382 -49
383 -50
384 -51
385 -52
386 -53
387 -54
388 -55
389 -56
390 -57
391 -58
392 -59
393 -60
394 -61
395 -62
396 -63
397 -64
398 -65
399 -66
400 -67
401 -68
402 -69
403 -70
404 -71
405 -72
406 -73
407 -74
408 -75
409 -76
410 -77
411 -78
412 -79
413 -80
414 -81
415 -82
416 -83
417 -84
418 -85
419 -86
420 -87
421 -88
422 -89
423 -90
424 -91
425 -92
426 -93
427 -94
428 -95
429 -96
430 -60
431 -61
432 -62
433 -63
434 -64
435 -65
436 -66
437 -67
438 -68
439 -69
440 -70
441 -71
442 -72
443 -73
444 -74
445 -75
446 -76
447 -77
448 -78
449 -79
450 -80
451 -81
452 -82
453 -83
454 -84
455 -85
456 -86
457 -87
458 -88
459 -89
460 -90
461 -91
462 -92
463 -93
464 -94
465 -95
466 -96
467 -97
468 -98
469 -99
470 -100
471 -64
472 -65
473 -66
474 -67
475 -68
476 -69
477 -70
478 -71
479 -72
480 -73
481 -74
482 -75
483 -76
484 -77
485 -78
486 -79
487 -80
488 -81
489 -82
490 -83
491 -84
492 -85
493 -86
494 -87
495 -88
496 -89
497 -90
498 -91
499 -92
500 -93
